# oST version 5.0 parameters


[image]

width
640

height
480

[narrow_stereo/right]

camera matrix
380.065197 0.000000 300.933643
0.000000 379.373442 222.151077
0.000000 0.000000 1.000000

distortion
-0.250756 0.059364 -0.000131 0.002132 0.000000

rectification
0.998382 -0.014658 -0.054944
0.015057 0.999863 0.006851
0.054836 -0.007667 0.998466

projection
354.405589 0.000000 350.940397 -62.522782
0.000000 354.405589 225.021429 0.000000
0.000000 0.000000 1.000000 0.000000
