%YAML:1.0
calibration_time: "Thu Jan  8 17:07:38 2015"
image_width: 640
image_height: 480
board_width: 9
board_height: 6
square_size: 2.4764999747276306e-02
flags: 0
camera_matrix: !!opencv-matrix
   rows: 3
   cols: 3
   dt: d
   data: [ 3.7592387620773275e+02, 0., 3.0402491099914505e+02, 0.,
       3.7390981256530318e+02, 2.1428345846841557e+02, 0., 0., 1. ]
distortion_coefficients: !!opencv-matrix
   rows: 5
   cols: 1
   dt: d
   data: [ -2.7712280671609435e-01, 1.0055210918018512e-01,
       -3.2071522295993535e-04, 4.3969863391703939e-04,
       -1.8739446030685634e-02 ]
avg_reprojection_error: 7.6934070795086651e-01
