# oST version 5.0 parameters


[image]

width
640

height
480

[narrow_stereo/left]

camera matrix
378.013219 0.000000 369.686011
0.000000 377.044530 224.300265
0.000000 0.000000 1.000000

distortion
-0.271403 0.071961 0.001182 -0.000328 0.000000

rectification
0.999911 -0.013318 -0.000116
0.013316 0.999885 -0.007263
0.000212 0.007260 0.999974

projection
354.405589 0.000000 350.940397 0.000000
0.000000 354.405589 225.021429 0.000000
0.000000 0.000000 1.000000 0.000000
