%YAML:1.0
calibration_time: "Thu Jan  8 16:34:20 2015"
image_width: 640
image_height: 480
board_width: 9
board_height: 6
square_size: 2.4764999747276306e-02
flags: 0
camera_matrix: !!opencv-matrix
   rows: 3
   cols: 3
   dt: d
   data: [ 3.8104915178316338e+02, 0., 3.1393133757188838e+02, 0.,
       3.7969363112812414e+02, 2.1111346674093400e+02, 0., 0., 1. ]
distortion_coefficients: !!opencv-matrix
   rows: 5
   cols: 1
   dt: d
   data: [ -2.8590092159818270e-01, 1.0867799634963582e-01,
       -1.3059637689226893e-04, -4.8149068246969485e-04,
       -2.1118881024479882e-02 ]
avg_reprojection_error: 6.1472570777844293e-01
